1 0.0702259
1.005 0.0918587
1.01 0.115561
1.015 0.141257
1.02 0.168865
1.025 0.1983
1.03 0.22947
1.035 0.262283
1.04 0.296639
1.045 0.332437
1.05 0.36957
1.055 0.40793
1.06 0.447405
1.065 0.48788
1.07 0.529238
1.075 0.57136
1.08 0.614127
1.085 0.657414
1.09 0.701098
1.095 0.745056
1.1 0.789161
1.105 0.83329
1.11 0.877315
1.115 0.921113
1.12 0.964559
1.125 1.00753
1.13 1.0499
1.135 1.09156
1.14 1.13238
1.145 1.17224
1.15 1.21104
1.155 1.24866
1.16 1.285
1.165 1.31994
1.17 1.3534
1.175 1.38526
1.18 1.41544
1.185 1.44384
1.19 1.47039
1.195 1.495
1.2 1.5176
1.205 1.53812
1.21 1.55649
1.215 1.57265
1.22 1.58656
1.225 1.59815
1.23 1.6074
1.235 1.61426
1.24 1.61871
1.245 1.62071
1.25 1.62026
1.255 1.61733
1.26 1.61194
1.265 1.60407
1.27 1.59373
1.275 1.58093
1.28 1.56571
1.285 1.54807
1.29 1.52806
1.295 1.50571
1.3 1.48107
1.305 1.45417
1.31 1.42509
1.315 1.39388
1.32 1.3606
1.325 1.32534
1.33 1.28815
1.335 1.24913
1.34 1.20836
1.345 1.16593
1.35 1.12194
1.355 1.07648
1.36 1.02965
1.365 0.98157
1.37 0.932336
1.375 0.882065
1.38 0.830869
1.385 0.778866
1.39 0.726175
1.395 0.672916
1.4 0.619211
1.405 0.565183
1.41 0.510957
1.415 0.456656
1.42 0.402406
1.425 0.348332
1.43 0.294557
1.435 0.241206
1.44 0.188401
1.445 0.136264
1.45 0.0849135
1.455 0.034468
1.46 -0.0149571
1.465 -0.0632486
1.47 -0.110296
1.475 -0.155993
1.48 -0.200235
1.485 -0.242921
1.49 -0.283956
1.495 -0.323247
1.5 -0.360706
1.505 -0.39625
1.51 -0.429799
1.515 -0.46128
1.52 -0.490625
1.525 -0.517769
1.53 -0.542655
1.535 -0.56523
1.54 -0.585449
1.545 -0.60327
1.55 -0.618658
1.555 -0.631584
1.56 -0.642027
1.565 -0.649969
1.57 -0.6554
1.575 -0.658316
1.58 -0.65872
1.585 -0.65662
1.59 -0.65203
1.595 -0.644971
1.6 -0.635471
1.605 -0.623562
1.61 -0.609284
1.615 -0.592681
1.62 -0.573804
1.625 -0.552709
1.63 -0.529458
1.635 -0.504119
1.64 -0.476763
1.645 -0.447469
1.65 -0.416318
1.655 -0.383397
1.66 -0.348797
1.665 -0.312614
1.67 -0.274947
1.675 -0.235898
1.68 -0.195575
1.685 -0.154086
1.69 -0.111544
1.695 -0.0680641
1.7 -0.0237634
1.705 0.0212387
1.71 0.0668213
1.715 0.112862
1.72 0.159237
1.725 0.205822
1.73 0.252493
1.735 0.299124
1.74 0.34559
1.745 0.391767
1.75 0.437532
1.755 0.482761
1.76 0.527334
1.765 0.571131
1.77 0.614034
1.775 0.655928
1.78 0.6967
1.785 0.736241
1.79 0.774443
1.795 0.811203
1.8 0.846421
1.805 0.880002
1.81 0.911853
1.815 0.941887
1.82 0.970022
1.825 0.996178
1.83 1.02028
1.835 1.04227
1.84 1.06208
1.845 1.07964
1.85 1.09492
1.855 1.10786
1.86 1.11842
1.865 1.12658
1.87 1.1323
1.875 1.13555
1.88 1.13634
1.885 1.13463
1.89 1.13045
1.895 1.12377
1.9 1.11463
1.905 1.10302
1.91 1.08897
1.915 1.07252
1.92 1.05369
1.925 1.03253
1.93 1.00907
1.935 0.983378
1.94 0.955504
1.945 0.925511
1.95 0.893468
1.955 0.859447
1.96 0.823527
1.965 0.785791
1.97 0.746326
1.975 0.705223
1.98 0.66258
1.985 0.618495
1.99 0.573072
1.995 0.526417
2 0.478642
2.005 0.429858
2.01 0.380181
2.015 0.329728
2.02 0.27862
2.025 0.226976
2.03 0.17492
2.035 0.122575
2.04 0.0700655
2.045 0.0175167
2.05 -0.0349467
2.055 -0.0872
2.06 -0.139119
2.065 -0.19058
2.07 -0.241461
2.075 -0.291641
2.08 -0.341
2.085 -0.389422
2.09 -0.436792
2.095 -0.482998
2.1 -0.527929
2.105 -0.57148
2.11 -0.613549
2.115 -0.654035
2.12 -0.692845
2.125 -0.729886
2.13 -0.765072
2.135 -0.798321
2.14 -0.829557
2.145 -0.858706
2.15 -0.885702
2.155 -0.910483
2.16 -0.932993
2.165 -0.953182
2.17 -0.971004
2.175 -0.986421
2.18 -0.9994
2.185 -1.00991
2.19 -1.01794
2.195 -1.02347
2.2 -1.02649
2.205 -1.02701
2.21 -1.02501
2.215 -1.02052
2.22 -1.01355
2.225 -1.00413
2.23 -0.992276
2.235 -0.978033
2.24 -0.961439
2.245 -0.942541
2.25 -0.921391
2.255 -0.898048
2.26 -0.872576
2.265 -0.845042
2.27 -0.815522
2.275 -0.784094
2.28 -0.750841
2.285 -0.715853
2.29 -0.679221
2.295 -0.641043
2.3 -0.601418
2.305 -0.560451
2.31 -0.518249
2.315 -0.474923
2.32 -0.430586
2.325 -0.385354
2.33 -0.339344
2.335 -0.292676
2.34 -0.245472
2.345 -0.197855
2.35 -0.149949
2.355 -0.101877
2.36 -0.0537656
2.365 -0.00573881
2.37 0.0420784
2.375 0.0895618
2.38 0.136588
2.385 0.183035
2.39 0.228782
2.395 0.273711
2.4 0.317704
2.405 0.360646
2.41 0.402427
2.415 0.442937
2.42 0.48207
2.425 0.519725
2.43 0.555803
2.435 0.590209
2.44 0.622852
2.445 0.653648
2.45 0.682515
2.455 0.709376
2.46 0.73416
2.465 0.756801
2.47 0.777238
2.475 0.795416
2.48 0.811286
2.485 0.824802
2.49 0.835929
2.495 0.844633
2.5 0.85089
2.505 0.854678
2.51 0.855986
2.515 0.854805
2.52 0.851135
2.525 0.844982
2.53 0.836355
2.535 0.825274
2.54 0.811762
2.545 0.795849
2.55 0.777571
2.555 0.75697
2.56 0.734093
2.565 0.708995
2.57 0.681734
2.575 0.652375
2.58 0.620987
2.585 0.587645
2.59 0.55243
2.595 0.515425
2.6 0.476719
2.605 0.436406
2.61 0.394583
2.615 0.351351
2.62 0.306815
2.625 0.261082
2.63 0.214264
2.635 0.166473
2.64 0.117827
2.645 0.0684432
2.65 0.018442
2.655 -0.0320549
2.66 -0.0829245
2.665 -0.134043
2.67 -0.185286
2.675 -0.236528
2.68 -0.287645
2.685 -0.338511
2.69 -0.389004
2.695 -0.438999
2.7 -0.488374
2.705 -0.537011
2.71 -0.584789
2.715 -0.631592
2.72 -0.677307
2.725 -0.721823
2.73 -0.76503
2.735 -0.806823
2.74 -0.847102
2.745 -0.885768
2.75 -0.922727
2.755 -0.957891
2.76 -0.991173
2.765 -1.02249
2.77 -1.05178
2.775 -1.07895
2.78 -1.10396
2.785 -1.12673
2.79 -1.14721
2.795 -1.16536
2.8 -1.18113
2.805 -1.19448
2.81 -1.20539
2.815 -1.21383
2.82 -1.21978
2.825 -1.22322
2.83 -1.22416
2.835 -1.22259
2.84 -1.21852
2.845 -1.21196
2.85 -1.20293
2.855 -1.19146
2.86 -1.17757
2.865 -1.16131
2.87 -1.14271
2.875 -1.12182
2.88 -1.09871
2.885 -1.07342
2.89 -1.04603
2.895 -1.0166
2.9 -0.985218
2.905 -0.951954
2.91 -0.916896
2.915 -0.880135
2.92 -0.841764
2.925 -0.801881
2.93 -0.760588
2.935 -0.71799
2.94 -0.674196
2.945 -0.629317
2.95 -0.583468
2.955 -0.536764
2.96 -0.489324
2.965 -0.441269
2.97 -0.392721
2.975 -0.343802
2.98 -0.294638
2.985 -0.245352
2.99 -0.19607
2.995 -0.146917
3 -0.098016
3.005 -0.0494925
3.01 -0.00146896
3.015 0.0459329
3.02 0.0925931
3.025 0.138393
3.03 0.183217
3.035 0.226952
3.04 0.269485
3.045 0.310711
3.05 0.350523
3.055 0.388822
3.06 0.425509
3.065 0.460492
3.07 0.493682
3.075 0.524994
3.08 0.55435
3.085 0.581673
3.09 0.606895
3.095 0.629951
3.1 0.650782
3.105 0.669335
3.11 0.685562
3.115 0.699422
3.12 0.710878
3.125 0.719901
3.13 0.726467
3.135 0.730558
3.14 0.732163
