1 85.6487
1.005 82.8011
1.01 79.7513
1.015 76.5069
1.02 73.0759
1.025 69.4668
1.03 65.6886
1.035 61.7507
1.04 57.6628
1.045 53.4351
1.05 49.0781
1.055 44.6026
1.06 40.0198
1.065 35.3411
1.07 30.578
1.075 25.7426
1.08 20.8467
1.085 15.9025
1.09 10.9225
1.095 5.91888
1.1 0.904235
1.105 -4.109
1.11 -9.10833
1.115 -14.0813
1.12 -19.0155
1.125 -23.8988
1.13 -28.7188
1.135 -33.4636
1.14 -38.1214
1.145 -42.6807
1.15 -47.1299
1.155 -51.4581
1.16 -55.6545
1.165 -59.7085
1.17 -63.6102
1.175 -67.3499
1.18 -70.9181
1.185 -74.306
1.19 -77.5052
1.195 -80.5077
1.2 -83.306
1.205 -85.8932
1.21 -88.2629
1.215 -90.4091
1.22 -92.3266
1.225 -94.0105
1.23 -95.4567
1.235 -96.6615
1.24 -97.6221
1.245 -98.336
1.25 -98.8015
1.255 -99.0174
1.26 -98.9832
1.265 -98.6991
1.27 -98.1658
1.275 -97.3846
1.28 -96.3574
1.285 -95.087
1.29 -93.5765
1.295 -91.8297
1.3 -89.851
1.305 -87.6453
1.31 -85.2182
1.315 -82.5758
1.32 -79.7246
1.325 -76.672
1.33 -73.4254
1.335 -69.993
1.34 -66.3835
1.345 -62.6059
1.35 -58.6696
1.355 -54.5845
1.36 -50.3608
1.365 -46.0091
1.37 -41.5403
1.375 -36.9655
1.38 -32.2963
1.385 -27.5443
1.39 -22.7214
1.395 -17.8397
1.4 -12.9114
1.405 -7.94886
1.41 -2.96444
1.415 2.02936
1.42 7.02004
1.425 11.9951
1.43 16.9421
1.435 21.8487
1.44 26.7025
1.445 31.4915
1.45 36.2037
1.455 40.8272
1.46 45.3505
1.465 49.7623
1.47 54.0515
1.475 58.2074
1.48 62.2196
1.485 66.0781
1.49 69.7732
1.495 73.2956
1.5 76.6366
1.505 79.7878
1.51 82.7412
1.515 85.4896
1.52 88.026
1.525 90.344
1.53 92.4379
1.535 94.3025
1.54 95.933
1.545 97.3253
1.55 98.4761
1.555 99.3823
1.56 100.042
1.565 100.453
1.57 100.614
1.575 100.526
1.58 100.188
1.585 99.601
1.59 98.7667
1.595 97.6871
1.6 96.3649
1.605 94.8034
1.61 93.0065
1.615 90.9786
1.62 88.7248
1.625 86.2508
1.63 83.5627
1.635 80.6672
1.64 77.5716
1.645 74.2836
1.65 70.8114
1.655 67.1637
1.66 63.3495
1.665 59.3785
1.67 55.2605
1.675 51.0058
1.68 46.6251
1.685 42.1292
1.69 37.5295
1.695 32.8374
1.7 28.0646
1.705 23.223
1.71 18.3248
1.715 13.3823
1.72 8.40759
1.725 3.41329
1.73 -1.58816
1.735 -6.58428
1.74 -11.5626
1.745 -16.5106
1.75 -21.416
1.755 -26.2666
1.76 -31.0501
1.765 -35.7547
1.77 -40.3686
1.775 -44.8803
1.78 -49.2785
1.785 -53.5522
1.79 -57.6907
1.795 -61.6837
1.8 -65.5213
1.805 -69.1938
1.81 -72.692
1.815 -76.0072
1.82 -79.1312
1.825 -82.0561
1.83 -84.7747
1.835 -87.2801
1.84 -89.566
1.845 -91.6268
1.85 -93.4574
1.855 -95.0531
1.86 -96.4099
1.865 -97.5245
1.87 -98.3942
1.875 -99.0166
1.88 -99.3903
1.885 -99.5144
1.89 -99.3885
1.895 -99.0129
1.9 -98.3887
1.905 -97.5173
1.91 -96.4009
1.915 -95.0424
1.92 -93.4451
1.925 -91.6131
1.93 -89.5508
1.935 -87.2635
1.94 -84.757
1.945 -82.0373
1.95 -79.1114
1.955 -75.9866
1.96 -72.6707
1.965 -69.172
1.97 -65.4992
1.975 -61.6615
1.98 -57.6685
1.985 -53.5302
1.99 -49.2569
1.995 -44.8593
2 -40.3485
2.005 -35.7356
2.01 -31.0323
2.015 -26.2502
2.02 -21.4014
2.025 -16.498
2.03 -11.5521
2.035 -6.57625
2.04 -1.5828
2.045 3.41574
2.05 8.40689
2.055 13.3782
2.06 18.3171
2.065 23.2114
2.07 28.0488
2.075 32.8173
2.08 37.5048
2.085 42.0997
2.09 46.5905
2.095 50.966
2.1 55.2152
2.105 59.3275
2.11 63.2927
2.115 67.1007
2.12 70.7421
2.125 74.2079
2.13 77.4892
2.135 80.578
2.14 83.4664
2.145 86.1473
2.15 88.614
2.155 90.8603
2.16 92.8806
2.165 94.6699
2.17 96.2236
2.175 97.5378
2.18 98.6094
2.185 99.4356
2.19 100.014
2.195 100.344
2.2 100.424
2.205 100.254
2.21 99.835
2.215 99.1671
2.22 98.2525
2.225 97.0934
2.23 95.6926
2.235 94.0537
2.24 92.1809
2.245 90.0786
2.25 87.7523
2.255 85.2077
2.26 82.4512
2.265 79.4896
2.27 76.3305
2.275 72.9815
2.28 69.4513
2.285 65.7485
2.29 61.8823
2.295 57.8626
2.3 53.6993
2.305 49.4028
2.31 44.9839
2.315 40.4535
2.32 35.8231
2.325 31.1042
2.33 26.3086
2.335 21.4483
2.34 16.5354
2.345 11.5821
2.35 6.60101
2.355 1.6044
2.36 -3.39519
2.365 -8.38526
2.37 -13.3534
2.375 -18.2871
2.38 -23.174
2.385 -28.002
2.39 -32.7591
2.395 -37.4332
2.4 -42.0127
2.405 -46.4862
2.41 -50.8425
2.415 -55.0707
2.42 -59.1603
2.425 -63.101
2.43 -66.8829
2.435 -70.4967
2.44 -73.9333
2.445 -77.184
2.45 -80.2409
2.455 -83.0961
2.46 -85.7427
2.465 -88.174
2.47 -90.3839
2.475 -92.3669
2.48 -94.118
2.485 -95.6329
2.49 -96.9077
2.495 -97.9393
2.5 -98.7252
2.505 -99.2633
2.51 -99.5523
2.515 -99.5915
2.52 -99.3808
2.525 -98.9207
2.53 -98.2124
2.535 -97.2576
2.54 -96.0587
2.545 -94.6188
2.55 -92.9414
2.555 -91.0307
2.56 -88.8915
2.565 -86.5292
2.57 -83.9496
2.575 -81.1592
2.58 -78.165
2.585 -74.9744
2.59 -71.5955
2.595 -68.0366
2.6 -64.3068
2.605 -60.4152
2.61 -56.3717
2.615 -52.1863
2.62 -47.8695
2.625 -43.4322
2.63 -38.8853
2.635 -34.2402
2.64 -29.5086
2.645 -24.7023
2.65 -19.8334
2.655 -14.9139
2.66 -9.95612
2.665 -4.97256
2.67 0.0243791
2.675 5.0222
2.68 10.0084
2.685 14.9705
2.69 19.8962
2.695 24.7731
2.7 29.589
2.705 34.3318
2.71 38.9898
2.715 43.5513
2.72 48.0048
2.725 52.3393
2.73 56.5439
2.735 60.6081
2.74 64.5217
2.745 68.275
2.75 71.8586
2.755 75.2635
2.76 78.4811
2.765 81.5036
2.77 84.3232
2.775 86.933
2.78 89.3264
2.785 91.4975
2.79 93.4408
2.795 95.1514
2.8 96.6251
2.805 97.8583
2.81 98.8477
2.815 99.591
2.82 100.086
2.825 100.332
2.83 100.328
2.835 100.075
2.84 99.5716
2.845 98.8207
2.85 97.8236
2.855 96.5829
2.86 95.1017
2.865 93.3837
2.87 91.4332
2.875 89.255
2.88 86.8547
2.885 84.2381
2.89 81.4119
2.895 78.383
2.9 75.1591
2.905 71.7483
2.91 68.159
2.915 64.4002
2.92 60.4813
2.925 56.4121
2.93 52.2028
2.935 47.8639
2.94 43.4063
2.945 38.841
2.95 34.1795
2.955 29.4334
2.96 24.6146
2.965 19.7352
2.97 14.8073
2.975 9.8432
2.98 4.85541
2.985 -0.143671
2.99 -5.14153
2.995 -10.1257
3 -15.0837
3.005 -20.0031
3.01 -24.8717
3.015 -29.6773
3.02 -34.4079
3.025 -39.0516
3.03 -43.5968
3.035 -48.0323
3.04 -52.3468
3.045 -56.5297
3.05 -60.5704
3.055 -64.4589
3.06 -68.1855
3.065 -71.7408
3.07 -75.116
3.075 -78.3025
3.08 -81.2926
3.085 -84.0786
3.09 -86.6536
3.095 -89.0113
3.1 -91.1456
3.105 -93.0513
3.11 -94.7236
3.115 -96.1583
3.12 -97.3518
3.125 -98.3013
3.13 -99.0042
3.135 -99.4588
3.14 -99.664
