1 4.11477
1.005 4.53598
1.01 4.94244
1.015 5.33317
1.02 5.7072
1.025 6.06363
1.03 6.40159
1.035 6.72025
1.04 7.01884
1.045 7.29664
1.05 7.55298
1.055 7.78723
1.06 7.99882
1.065 8.18726
1.07 8.35209
1.075 8.49292
1.08 8.60942
1.085 8.70131
1.09 8.76838
1.095 8.8105
1.1 8.82755
1.105 8.81954
1.11 8.78649
1.115 8.7285
1.12 8.64574
1.125 8.53843
1.13 8.40686
1.135 8.25137
1.14 8.07237
1.145 7.87032
1.15 7.64574
1.155 7.39922
1.16 7.13138
1.165 6.84291
1.17 6.53455
1.175 6.20708
1.18 5.86134
1.185 5.4982
1.19 5.11859
1.195 4.72348
1.2 4.31386
1.205 3.89077
1.21 3.45529
1.215 3.00851
1.22 2.55158
1.225 2.08563
1.23 1.61187
1.235 1.13147
1.24 0.645659
1.245 0.155661
1.25 -0.337287
1.255 -0.831938
1.26 -1.32704
1.265 -1.82135
1.27 -2.31362
1.275 -2.8026
1.28 -3.28706
1.285 -3.76577
1.29 -4.23753
1.295 -4.70114
1.3 -5.15544
1.305 -5.59927
1.31 -6.03152
1.315 -6.45109
1.32 -6.85693
1.325 -7.248
1.33 -7.62333
1.335 -7.98195
1.34 -8.32296
1.345 -8.6455
1.35 -8.94876
1.355 -9.23195
1.36 -9.49437
1.365 -9.73535
1.37 -9.95426
1.375 -10.1506
1.38 -10.3238
1.385 -10.4734
1.39 -10.5991
1.395 -10.7005
1.4 -10.7774
1.405 -10.8296
1.41 -10.8569
1.415 -10.8592
1.42 -10.8366
1.425 -10.789
1.43 -10.7167
1.435 -10.6197
1.44 -10.4983
1.445 -10.3528
1.45 -10.1835
1.455 -9.99086
1.46 -9.77538
1.465 -9.53755
1.47 -9.27796
1.475 -8.99725
1.48 -8.69612
1.485 -8.37531
1.49 -8.03562
1.495 -7.67787
1.5 -7.30296
1.505 -6.91182
1.51 -6.50541
1.515 -6.08475
1.52 -5.65087
1.525 -5.20485
1.53 -4.7478
1.535 -4.28086
1.54 -3.80517
1.545 -3.32192
1.55 -2.83232
1.555 -2.33757
1.56 -1.83891
1.565 -1.33757
1.57 -0.834797
1.575 -0.331842
1.58 0.170046
1.585 0.669621
1.59 1.16564
1.595 1.65688
1.6 2.14211
1.605 2.62013
1.61 3.08975
1.615 3.54981
1.62 3.99916
1.625 4.43669
1.63 4.86131
1.635 5.27197
1.64 5.66765
1.645 6.04737
1.65 6.41018
1.655 6.75519
1.66 7.08154
1.665 7.38842
1.67 7.67508
1.675 7.9408
1.68 8.18493
1.685 8.40686
1.69 8.60605
1.695 8.782
1.7 8.93429
1.705 9.06253
1.71 9.16642
1.715 9.24571
1.72 9.30019
1.725 9.32975
1.73 9.33431
1.735 9.31388
1.74 9.2685
1.745 9.1983
1.75 9.10346
1.755 8.98423
1.76 8.84091
1.765 8.67386
1.77 8.48351
1.775 8.27035
1.78 8.0349
1.785 7.77777
1.79 7.4996
1.795 7.2011
1.8 6.88302
1.805 6.54617
1.81 6.19138
1.815 5.81955
1.82 5.43162
1.825 5.02857
1.83 4.61141
1.835 4.18118
1.84 3.73897
1.845 3.28589
1.85 2.82309
1.855 2.35171
1.86 1.87295
1.865 1.38802
1.87 0.898117
1.875 0.404487
1.88 -0.0916344
1.885 -0.589
1.89 -1.08636
1.895 -1.58247
1.9 -2.07608
1.905 -2.56594
1.91 -3.05084
1.915 -3.52955
1.92 -4.00087
1.925 -4.46361
1.93 -4.91661
1.935 -5.35874
1.94 -5.78888
1.945 -6.20596
1.95 -6.60891
1.955 -6.99674
1.96 -7.36846
1.965 -7.72314
1.97 -8.05989
1.975 -8.37786
1.98 -8.67625
1.985 -8.9543
1.99 -9.21132
1.995 -9.44666
2 -9.65973
2.005 -9.84998
2.01 -10.0169
2.015 -10.1602
2.02 -10.2793
2.025 -10.3741
2.03 -10.4442
2.035 -10.4896
2.04 -10.51
2.045 -10.5054
2.05 -10.4758
2.055 -10.4213
2.06 -10.3421
2.065 -10.2383
2.07 -10.1101
2.075 -9.95788
2.08 -9.78204
2.085 -9.58298
2.09 -9.36121
2.095 -9.11727
2.1 -8.85176
2.105 -8.56535
2.11 -8.25873
2.115 -7.93268
2.12 -7.588
2.125 -7.22555
2.13 -6.84623
2.135 -6.45098
2.14 -6.04079
2.145 -5.61667
2.15 -5.17967
2.155 -4.73089
2.16 -4.27144
2.165 -3.80247
2.17 -3.32514
2.175 -2.84063
2.18 -2.35016
2.185 -1.85495
2.19 -1.35622
2.195 -0.855221
2.2 -0.353196
2.205 0.148604
2.21 0.648931
2.215 1.14654
2.22 1.64019
2.225 2.12866
2.23 2.61072
2.235 3.08519
2.24 3.55087
2.245 4.00661
2.25 4.45128
2.255 4.88377
2.26 5.30301
2.265 5.70794
2.27 6.09757
2.275 6.47093
2.28 6.82709
2.285 7.16515
2.29 7.4843
2.295 7.78372
2.3 8.06268
2.305 8.32049
2.31 8.55651
2.315 8.77015
2.32 8.96088
2.325 9.12823
2.33 9.27179
2.335 9.39121
2.34 9.48619
2.345 9.55649
2.35 9.60196
2.355 9.62248
2.36 9.618
2.365 9.58854
2.37 9.53418
2.375 9.45507
2.38 9.35139
2.385 9.22342
2.39 9.07149
2.395 8.89597
2.4 8.69732
2.405 8.47602
2.41 8.23265
2.415 7.96781
2.42 7.68217
2.425 7.37646
2.43 7.05143
2.435 6.70791
2.44 6.34676
2.445 5.96888
2.45 5.57524
2.455 5.16681
2.46 4.74463
2.465 4.30974
2.47 3.86325
2.475 3.40628
2.48 2.93997
2.485 2.4655
2.49 1.98404
2.495 1.49682
2.5 1.00506
2.505 0.509985
2.51 0.0128423
2.515 -0.485122
2.52 -0.982656
2.525 -1.47851
2.53 -1.97145
2.535 -2.46023
2.54 -2.94362
2.545 -3.42041
2.55 -3.88941
2.555 -4.34944
2.56 -4.79934
2.565 -5.23798
2.57 -5.66427
2.575 -6.07713
2.58 -6.47552
2.585 -6.85845
2.59 -7.22495
2.595 -7.5741
2.6 -7.90503
2.605 -8.2169
2.61 -8.50893
2.615 -8.78038
2.62 -9.03057
2.625 -9.25888
2.63 -9.46471
2.635 -9.64756
2.64 -9.80697
2.645 -9.94253
2.65 -10.0539
2.655 -10.1408
2.66 -10.203
2.665 -10.2403
2.67 -10.2527
2.675 -10.24
2.68 -10.2025
2.685 -10.14
2.69 -10.0528
2.695 -9.94112
2.7 -9.80519
2.705 -9.64536
2.71 -9.46201
2.715 -9.25562
2.72 -9.02668
2.725 -8.77577
2.73 -8.5035
2.735 -8.21056
2.74 -7.89767
2.745 -7.56561
2.75 -7.21521
2.755 -6.84733
2.76 -6.46288
2.765 -6.06284
2.77 -5.64819
2.775 -5.21996
2.78 -4.77922
2.785 -4.32706
2.79 -3.86462
2.795 -3.39304
2.8 -2.9135
2.805 -2.42719
2.81 -1.93533
2.815 -1.43913
2.82 -0.93983
2.825 -0.43868
2.83 0.0630753
2.835 0.564187
2.84 1.06341
2.845 1.55949
2.85 2.0512
2.855 2.53732
2.86 3.01663
2.865 3.48794
2.87 3.95008
2.875 4.40189
2.88 4.84226
2.885 5.27008
2.89 5.68429
2.895 6.08386
2.9 6.4678
2.905 6.83514
2.91 7.18498
2.915 7.51645
2.92 7.82872
2.925 8.12101
2.93 8.39261
2.935 8.64282
2.94 8.87105
2.945 9.07671
2.95 9.2593
2.955 9.41836
2.96 9.55351
2.965 9.66441
2.97 9.75078
2.975 9.81242
2.98 9.84917
2.985 9.86095
2.99 9.84774
2.995 9.80956
3 9.74652
3.005 9.65879
3.01 9.54658
3.015 9.41018
3.02 9.24993
3.025 9.06624
3.03 8.85958
3.035 8.63046
3.04 8.37946
3.045 8.10721
3.05 7.8144
3.055 7.50176
3.06 7.17008
3.065 6.82019
3.07 6.45297
3.075 6.06934
3.08 5.67027
3.085 5.25676
3.09 4.82984
3.095 4.39058
3.1 3.9401
3.105 3.47951
3.11 3.00997
3.115 2.53267
3.12 2.04879
3.125 1.55956
3.13 1.06619
3.135 0.56993
3.14 0.0720192
