1 0
1.005 0.0436806
1.01 0.0873613
1.015 0.131042
1.02 0.174723
1.025 0.218403
1.03 0.262084
1.035 0.305764
1.04 0.349445
1.045 0.393126
1.05 0.436806
1.055 0.480487
1.06 0.524168
1.065 0.567848
1.07 0.611529
1.075 0.655209
1.08 0.69889
1.085 0.742571
1.09 0.786251
1.095 0.829932
1.1 0.873613
1.105 0.917293
1.11 0.960974
1.115 1.00465
1.12 1.04834
1.125 1.09202
1.13 1.1357
1.135 1.17938
1.14 1.22306
1.145 1.26674
1.15 1.31042
1.155 1.3541
1.16 1.39778
1.165 1.44146
1.17 1.48514
1.175 1.52882
1.18 1.5725
1.185 1.61618
1.19 1.65986
1.195 1.70354
1.2 1.74723
1.205 1.79091
1.21 1.83459
1.215 1.87827
1.22 1.92195
1.225 1.96563
1.23 2.00931
1.235 2.05299
1.24 2.09667
1.245 2.14035
1.25 2.18403
1.255 2.22771
1.26 2.27139
1.265 2.31507
1.27 2.35875
1.275 2.40243
1.28 2.44612
1.285 2.4898
1.29 2.53348
1.295 2.57716
1.3 2.62084
1.305 2.66452
1.31 2.7082
1.315 2.75188
1.32 2.79556
1.325 2.83924
1.33 2.88292
1.335 2.9266
1.34 2.97028
1.345 3.01396
1.35 3.05764
1.355 3.10132
1.36 3.14501
1.365 3.18869
1.37 3.23237
1.375 3.27605
1.38 3.31973
1.385 3.36341
1.39 3.40709
1.395 3.45077
1.4 3.49445
1.405 3.53813
1.41 3.58181
1.415 3.62549
1.42 3.66917
1.425 3.71285
1.43 3.75653
1.435 3.80021
1.44 3.8439
1.445 3.88758
1.45 3.93126
1.455 3.97494
1.46 4.01862
1.465 4.0623
1.47 4.10598
1.475 4.14966
1.48 4.19334
1.485 4.23702
1.49 4.2807
1.495 4.32438
1.5 4.36806
1.505 4.41174
1.51 4.45542
1.515 4.4991
1.52 4.54279
1.525 4.58647
1.53 4.63015
1.535 4.67383
1.54 4.64803
1.545 4.61622
1.55 4.58442
1.555 4.55261
1.56 4.5208
1.565 4.48899
1.57 4.45719
1.575 4.42538
1.58 4.39357
1.585 4.36177
1.59 4.32996
1.595 4.29815
1.6 4.26634
1.605 4.23454
1.61 4.20273
1.615 4.17092
1.62 4.13911
1.625 4.10731
1.63 4.0755
1.635 4.04369
1.64 4.01189
1.645 3.98008
1.65 3.94827
1.655 3.91646
1.66 3.88466
1.665 3.85285
1.67 3.82104
1.675 3.78923
1.68 3.75743
1.685 3.72562
1.69 3.69381
1.695 3.66201
1.7 3.6302
1.705 3.59839
1.71 3.56658
1.715 3.53478
1.72 3.50297
1.725 3.47116
1.73 3.43935
1.735 3.40755
1.74 3.37574
1.745 3.34393
1.75 3.31213
1.755 3.28032
1.76 3.24851
1.765 3.2167
1.77 3.1849
1.775 3.15309
1.78 3.12128
1.785 3.08947
1.79 3.05767
1.795 3.02586
1.8 2.99405
1.805 2.96225
1.81 2.93044
1.815 2.89863
1.82 2.86682
1.825 2.83502
1.83 2.80321
1.835 2.7714
1.84 2.73959
1.845 2.70779
1.85 2.67598
1.855 2.64417
1.86 2.61237
1.865 2.58056
1.87 2.54875
1.875 2.51694
1.88 2.48514
1.885 2.45333
1.89 2.42152
1.895 2.38971
1.9 2.35791
1.905 2.3261
1.91 2.29429
1.915 2.26249
1.92 2.23068
1.925 2.19887
1.93 2.16706
1.935 2.13526
1.94 2.10345
1.945 2.07164
1.95 2.03983
1.955 2.00803
1.96 1.97622
1.965 1.94441
1.97 1.91261
1.975 1.8808
1.98 1.84899
1.985 1.81718
1.99 1.78538
1.995 1.75357
2 1.72176
2.005 1.68995
2.01 1.65815
2.015 1.62634
2.02 1.59453
2.025 1.56273
2.03 1.53092
2.035 1.49911
2.04 1.4673
2.045 1.4355
2.05 1.40369
2.055 1.37188
2.06 1.34008
2.065 1.30827
2.07 1.27646
2.075 1.2437
2.08 1.21075
2.085 1.17781
2.09 1.14486
2.095 1.11192
2.1 1.07897
2.105 1.04603
2.11 1.01308
2.115 0.980137
2.12 0.947192
2.125 0.914247
2.13 0.881302
2.135 0.848357
2.14 0.815412
2.145 0.782467
2.15 0.749522
2.155 0.716577
2.16 0.683632
2.165 0.650687
2.17 0.617742
2.175 0.584797
2.18 0.551852
2.185 0.518907
2.19 0.485962
2.195 0.453017
2.2 0.420072
2.205 0.387127
2.21 0.354182
2.215 0.321237
2.22 0.288292
2.225 0.255347
2.23 0.222402
2.235 0.189457
2.24 0.156512
2.245 0.123567
2.25 0.0906217
2.255 0.0576767
2.26 0.0247317
2.265 -0.00821335
2.27 -0.0411583
2.275 -0.0741033
2.28 -0.107048
2.285 -0.139993
2.29 -0.172938
2.295 -0.205883
2.3 -0.238828
2.305 -0.271773
2.31 -0.304718
2.315 -0.337663
2.32 -0.370608
2.325 -0.403553
2.33 -0.436498
2.335 -0.469443
2.34 -0.502388
2.345 -0.535333
2.35 -0.568278
2.355 -0.601223
2.36 -0.634168
2.365 -0.667113
2.37 -0.700058
2.375 -0.733003
2.38 -0.765948
2.385 -0.798893
2.39 -0.831838
2.395 -0.864783
2.4 -0.897728
2.405 -0.930673
2.41 -0.963618
2.415 -0.996563
2.42 -1.02951
2.425 -1.06245
2.43 -1.0954
2.435 -1.12834
2.44 -1.16129
2.445 -1.19423
2.45 -1.22718
2.455 -1.26012
2.46 -1.29307
2.465 -1.32601
2.47 -1.35896
2.475 -1.3919
2.48 -1.42485
2.485 -1.45779
2.49 -1.49074
2.495 -1.52368
2.5 -1.55663
2.505 -1.58957
2.51 -1.62252
2.515 -1.65546
2.52 -1.68841
2.525 -1.72135
2.53 -1.7543
2.535 -1.78724
2.54 -1.82019
2.545 -1.85313
2.55 -1.88608
2.555 -1.91902
2.56 -1.95197
2.565 -1.98491
2.57 -2.01786
2.575 -2.0508
2.58 -2.08375
2.585 -2.11669
2.59 -2.14964
2.595 -2.18258
2.6 -2.21553
2.605 -2.24847
2.61 -2.24031
2.615 -2.21923
2.62 -2.19816
2.625 -2.17709
2.63 -2.15602
2.635 -2.13495
2.64 -2.11388
2.645 -2.0928
2.65 -2.07173
2.655 -2.05066
2.66 -2.02959
2.665 -2.00852
2.67 -1.98745
2.675 -1.96637
2.68 -1.9453
2.685 -1.92423
2.69 -1.90316
2.695 -1.88209
2.7 -1.86102
2.705 -1.83994
2.71 -1.81887
2.715 -1.7978
2.72 -1.77673
2.725 -1.75566
2.73 -1.73459
2.735 -1.71352
2.74 -1.69244
2.745 -1.67137
2.75 -1.6503
2.755 -1.62923
2.76 -1.60816
2.765 -1.58709
2.77 -1.56601
2.775 -1.54494
2.78 -1.52387
2.785 -1.5028
2.79 -1.48173
2.795 -1.46066
2.8 -1.43958
2.805 -1.41851
2.81 -1.39744
2.815 -1.37637
2.82 -1.3553
2.825 -1.33423
2.83 -1.31315
2.835 -1.29208
2.84 -1.27101
2.845 -1.24994
2.85 -1.22887
2.855 -1.2078
2.86 -1.18672
2.865 -1.16565
2.87 -1.14458
2.875 -1.12351
2.88 -1.10244
2.885 -1.08137
2.89 -1.06029
2.895 -1.03922
2.9 -1.01815
2.905 -0.997079
2.91 -0.976008
2.915 -0.954936
2.92 -0.933864
2.925 -0.912793
2.93 -0.891721
2.935 -0.870649
2.94 -0.849578
2.945 -0.828506
2.95 -0.807434
2.955 -0.786363
2.96 -0.765291
2.965 -0.744219
2.97 -0.723148
2.975 -0.702076
2.98 -0.681005
2.985 -0.659933
2.99 -0.638861
2.995 -0.61779
3 -0.596718
3.005 -0.575646
3.01 -0.554575
3.015 -0.533503
3.02 -0.512431
3.025 -0.49136
3.03 -0.470288
3.035 -0.449216
3.04 -0.428145
3.045 -0.407073
3.05 -0.386002
3.055 -0.36493
3.06 -0.343858
3.065 -0.322787
3.07 -0.301715
3.075 -0.280643
3.08 -0.259572
3.085 -0.2385
3.09 -0.217428
3.095 -0.196357
3.1 -0.175285
3.105 -0.154213
3.11 -0.133142
3.115 -0.11207
3.12 -0.0909985
3.125 -0.0699269
3.13 -0.0488553
3.135 -0.0277836
3.14 -0.00671197
