1 -1.60743
1.005 -1.60732
1.01 -1.60699
1.015 -1.60644
1.02 -1.60568
1.025 -1.6047
1.03 -1.60349
1.035 -1.60207
1.04 -1.60044
1.045 -1.59858
1.05 -1.59651
1.055 -1.59421
1.06 -1.5917
1.065 -1.58897
1.07 -1.58602
1.075 -1.58285
1.08 -1.57947
1.085 -1.57587
1.09 -1.57204
1.095 -1.568
1.1 -1.56374
1.105 -1.55927
1.11 -1.55457
1.115 -1.54966
1.12 -1.54453
1.125 -1.53917
1.13 -1.5336
1.135 -1.52782
1.14 -1.52181
1.145 -1.51559
1.15 -1.50914
1.155 -1.50248
1.16 -1.4956
1.165 -1.4885
1.17 -1.48119
1.175 -1.47365
1.18 -1.4659
1.185 -1.45793
1.19 -1.44974
1.195 -1.44133
1.2 -1.4327
1.205 -1.42386
1.21 -1.41479
1.215 -1.40551
1.22 -1.39601
1.225 -1.38629
1.23 -1.37635
1.235 -1.3662
1.24 -1.35582
1.245 -1.34523
1.25 -1.33442
1.255 -1.32339
1.26 -1.31214
1.265 -1.30068
1.27 -1.28899
1.275 -1.27709
1.28 -1.26497
1.285 -1.25263
1.29 -1.24007
1.295 -1.22729
1.3 -1.2143
1.305 -1.20109
1.31 -1.18765
1.315 -1.174
1.32 -1.16014
1.325 -1.14605
1.33 -1.13174
1.335 -1.11722
1.34 -1.10248
1.345 -1.08752
1.35 -1.07234
1.355 -1.05694
1.36 -1.04132
1.365 -1.02549
1.37 -1.00944
1.375 -0.993166
1.38 -0.976677
1.385 -0.959969
1.39 -0.943043
1.395 -0.925898
1.4 -0.908535
1.405 -0.890954
1.41 -0.873154
1.415 -0.855136
1.42 -0.836899
1.425 -0.818444
1.43 -0.79977
1.435 -0.780879
1.44 -0.761768
1.445 -0.74244
1.45 -0.722893
1.455 -0.703127
1.46 -0.683143
1.465 -0.662941
1.47 -0.64252
1.475 -0.621881
1.48 -0.601024
1.485 -0.579948
1.49 -0.558653
1.495 -0.537141
1.5 -0.51541
1.505 -0.49346
1.51 -0.471292
1.515 -0.448906
1.52 -0.426301
1.525 -0.403478
1.53 -0.380436
1.535 -0.357176
1.54 -0.333858
1.545 -0.310697
1.55 -0.287696
1.555 -0.264853
1.56 -0.24217
1.565 -0.219645
1.57 -0.19728
1.575 -0.175073
1.58 -0.153026
1.585 -0.131138
1.59 -0.109408
1.595 -0.087838
1.6 -0.0664267
1.605 -0.0451745
1.61 -0.0240814
1.615 -0.00314722
1.62 0.0176279
1.625 0.0382439
1.63 0.0587009
1.635 0.0789989
1.64 0.0991379
1.645 0.119118
1.65 0.138939
1.655 0.1586
1.66 0.178103
1.665 0.197447
1.67 0.216632
1.675 0.235657
1.68 0.254524
1.685 0.273232
1.69 0.29178
1.695 0.31017
1.7 0.3284
1.705 0.346472
1.71 0.364384
1.715 0.382138
1.72 0.399732
1.725 0.417167
1.73 0.434444
1.735 0.451561
1.74 0.468519
1.745 0.485318
1.75 0.501959
1.755 0.51844
1.76 0.534762
1.765 0.550925
1.77 0.566929
1.775 0.582774
1.78 0.59846
1.785 0.613987
1.79 0.629354
1.795 0.644563
1.8 0.659613
1.805 0.674504
1.81 0.689235
1.815 0.703808
1.82 0.718222
1.825 0.732476
1.83 0.746572
1.835 0.760508
1.84 0.774286
1.845 0.787904
1.85 0.801364
1.855 0.814664
1.86 0.827806
1.865 0.840788
1.87 0.853611
1.875 0.866275
1.88 0.878781
1.885 0.891127
1.89 0.903314
1.895 0.915342
1.9 0.927211
1.905 0.938921
1.91 0.950472
1.915 0.961864
1.92 0.973097
1.925 0.984171
1.93 0.995086
1.935 1.00584
1.94 1.01644
1.945 1.02688
1.95 1.03715
1.955 1.04727
1.96 1.05723
1.965 1.06704
1.97 1.07668
1.975 1.08616
1.98 1.09549
1.985 1.10465
1.99 1.11366
1.995 1.12251
2 1.13119
2.005 1.13972
2.01 1.14809
2.015 1.15631
2.02 1.16436
2.025 1.17225
2.03 1.17998
2.035 1.18756
2.04 1.19498
2.045 1.20223
2.05 1.20933
2.055 1.21627
2.06 1.22305
2.065 1.22967
2.07 1.23613
2.075 1.24243
2.08 1.24857
2.085 1.25454
2.09 1.26035
2.095 1.26599
2.1 1.27147
2.105 1.27678
2.11 1.28193
2.115 1.28691
2.12 1.29173
2.125 1.29638
2.13 1.30087
2.135 1.30519
2.14 1.30935
2.145 1.31335
2.15 1.31718
2.155 1.32084
2.16 1.32434
2.165 1.32768
2.17 1.33085
2.175 1.33386
2.18 1.3367
2.185 1.33938
2.19 1.34189
2.195 1.34424
2.2 1.34642
2.205 1.34844
2.21 1.35029
2.215 1.35198
2.22 1.3535
2.225 1.35486
2.23 1.35606
2.235 1.35709
2.24 1.35795
2.245 1.35865
2.25 1.35919
2.255 1.35956
2.26 1.35976
2.265 1.3598
2.27 1.35968
2.275 1.35939
2.28 1.35894
2.285 1.35832
2.29 1.35754
2.295 1.35659
2.3 1.35548
2.305 1.3542
2.31 1.35276
2.315 1.35116
2.32 1.34939
2.325 1.34745
2.33 1.34535
2.335 1.34309
2.34 1.34066
2.345 1.33806
2.35 1.3353
2.355 1.33238
2.36 1.32929
2.365 1.32604
2.37 1.32262
2.375 1.31904
2.38 1.31529
2.385 1.31138
2.39 1.3073
2.395 1.30306
2.4 1.29865
2.405 1.29408
2.41 1.28935
2.415 1.28445
2.42 1.27938
2.425 1.27415
2.43 1.26876
2.435 1.2632
2.44 1.25747
2.445 1.25158
2.45 1.24553
2.455 1.23931
2.46 1.23293
2.465 1.22638
2.47 1.21967
2.475 1.21279
2.48 1.20575
2.485 1.19854
2.49 1.19117
2.495 1.18364
2.5 1.17594
2.505 1.16807
2.51 1.16004
2.515 1.15184
2.52 1.14348
2.525 1.13496
2.53 1.12627
2.535 1.11742
2.54 1.1084
2.545 1.09922
2.55 1.08987
2.555 1.08035
2.56 1.07068
2.565 1.06083
2.57 1.05083
2.575 1.04066
2.58 1.03032
2.585 1.01982
2.59 1.00915
2.595 0.998323
2.6 0.987327
2.605 0.976167
2.61 0.964921
2.615 0.953772
2.62 0.942728
2.625 0.93179
2.63 0.920958
2.635 0.91023
2.64 0.899608
2.645 0.889091
2.65 0.87868
2.655 0.868374
2.66 0.858173
2.665 0.848078
2.67 0.838088
2.675 0.828204
2.68 0.818424
2.685 0.808751
2.69 0.799182
2.695 0.789719
2.7 0.780361
2.705 0.771109
2.71 0.761962
2.715 0.75292
2.72 0.743984
2.725 0.735153
2.73 0.726427
2.735 0.717807
2.74 0.709292
2.745 0.700882
2.75 0.692578
2.755 0.684379
2.76 0.676286
2.765 0.668298
2.77 0.660415
2.775 0.652638
2.78 0.644966
2.785 0.637399
2.79 0.629938
2.795 0.622582
2.8 0.615331
2.805 0.608186
2.81 0.601146
2.815 0.594212
2.82 0.587382
2.825 0.580659
2.83 0.57404
2.835 0.567527
2.84 0.561119
2.845 0.554817
2.85 0.54862
2.855 0.542528
2.86 0.536542
2.865 0.530661
2.87 0.524885
2.875 0.519215
2.88 0.51365
2.885 0.508191
2.89 0.502837
2.895 0.497588
2.9 0.492444
2.905 0.487406
2.91 0.482474
2.915 0.477646
2.92 0.472924
2.925 0.468308
2.93 0.463796
2.935 0.45939
2.94 0.45509
2.945 0.450895
2.95 0.446805
2.955 0.44282
2.96 0.438941
2.965 0.435167
2.97 0.431499
2.975 0.427936
2.98 0.424478
2.985 0.421126
2.99 0.417879
2.995 0.414737
3 0.411701
3.005 0.40877
3.01 0.405945
3.015 0.403224
3.02 0.40061
3.025 0.3981
3.03 0.395696
3.035 0.393397
3.04 0.391204
3.045 0.389116
3.05 0.387133
3.055 0.385256
3.06 0.383484
3.065 0.381817
3.07 0.380256
3.075 0.3788
3.08 0.377449
3.085 0.376204
3.09 0.375064
3.095 0.37403
3.1 0.373101
3.105 0.372277
3.11 0.371559
3.115 0.370946
3.12 0.370438
3.125 0.370036
3.13 0.369739
3.135 0.369547
3.14 0.369461
