1 0.0702259
1.005 0.062189
1.01 0.0541531
1.015 0.0461194
1.02 0.038089
1.025 0.030063
1.03 0.0220425
1.035 0.0140284
1.04 0.00602207
1.045 -0.00197556
1.05 -0.00996336
1.055 -0.0179402
1.06 -0.0259051
1.065 -0.0338569
1.07 -0.0417945
1.075 -0.0497167
1.08 -0.0576226
1.085 -0.0655111
1.09 -0.0733809
1.095 -0.0812311
1.1 -0.0890606
1.105 -0.0968682
1.11 -0.104653
1.115 -0.112414
1.12 -0.120149
1.125 -0.127858
1.13 -0.135541
1.135 -0.143194
1.14 -0.150818
1.145 -0.158412
1.15 -0.165974
1.155 -0.173503
1.16 -0.180998
1.165 -0.188459
1.17 -0.195883
1.175 -0.20327
1.18 -0.210619
1.185 -0.217929
1.19 -0.225198
1.195 -0.232426
1.2 -0.239611
1.205 -0.246752
1.21 -0.253849
1.215 -0.2609
1.22 -0.267904
1.225 -0.27486
1.23 -0.281766
1.235 -0.288623
1.24 -0.295428
1.245 -0.302181
1.25 -0.30888
1.255 -0.315525
1.26 -0.322114
1.265 -0.328646
1.27 -0.33512
1.275 -0.341535
1.28 -0.347891
1.285 -0.354185
1.29 -0.360417
1.295 -0.366585
1.3 -0.372689
1.305 -0.378728
1.31 -0.3847
1.315 -0.390604
1.32 -0.396439
1.325 -0.402205
1.33 -0.407899
1.335 -0.413522
1.34 -0.419071
1.345 -0.424546
1.35 -0.429946
1.355 -0.435269
1.36 -0.440515
1.365 -0.445682
1.37 -0.45077
1.375 -0.455776
1.38 -0.460701
1.385 -0.465543
1.39 -0.4703
1.395 -0.474973
1.4 -0.479559
1.405 -0.484058
1.41 -0.488468
1.415 -0.492789
1.42 -0.497019
1.425 -0.501157
1.43 -0.505203
1.435 -0.509155
1.44 -0.513012
1.445 -0.516772
1.45 -0.520436
1.455 -0.524001
1.46 -0.527466
1.465 -0.530832
1.47 -0.534095
1.475 -0.537257
1.48 -0.540314
1.485 -0.543266
1.49 -0.546113
1.495 -0.548853
1.5 -0.551484
1.505 -0.554006
1.51 -0.556418
1.515 -0.558719
1.52 -0.560907
1.525 -0.562982
1.53 -0.564941
1.535 -0.566786
1.54 -0.568513
1.545 -0.570124
1.55 -0.57162
1.555 -0.573002
1.56 -0.574269
1.565 -0.575424
1.57 -0.576466
1.575 -0.577397
1.58 -0.578217
1.585 -0.578927
1.59 -0.579528
1.595 -0.580022
1.6 -0.580407
1.605 -0.580686
1.61 -0.580859
1.615 -0.580927
1.62 -0.580891
1.625 -0.580751
1.63 -0.580509
1.635 -0.580164
1.64 -0.579719
1.645 -0.579173
1.65 -0.578528
1.655 -0.577784
1.66 -0.576942
1.665 -0.576003
1.67 -0.574968
1.675 -0.573837
1.68 -0.572612
1.685 -0.571292
1.69 -0.56988
1.695 -0.568375
1.7 -0.566778
1.705 -0.565091
1.71 -0.563314
1.715 -0.561447
1.72 -0.559493
1.725 -0.55745
1.73 -0.555321
1.735 -0.553106
1.74 -0.550806
1.745 -0.548421
1.75 -0.545953
1.755 -0.543402
1.76 -0.540769
1.765 -0.538055
1.77 -0.53526
1.775 -0.532386
1.78 -0.529432
1.785 -0.526401
1.79 -0.523293
1.795 -0.520108
1.8 -0.516848
1.805 -0.513512
1.81 -0.510103
1.815 -0.50662
1.82 -0.503065
1.825 -0.499438
1.83 -0.49574
1.835 -0.491973
1.84 -0.488136
1.845 -0.48423
1.85 -0.480257
1.855 -0.476217
1.86 -0.47211
1.865 -0.467939
1.87 -0.463703
1.875 -0.459403
1.88 -0.45504
1.885 -0.450616
1.89 -0.446129
1.895 -0.441583
1.9 -0.436976
1.905 -0.432311
1.91 -0.427587
1.915 -0.422806
1.92 -0.417969
1.925 -0.413076
1.93 -0.408127
1.935 -0.403125
1.94 -0.398069
1.945 -0.392961
1.95 -0.387801
1.955 -0.38259
1.96 -0.377328
1.965 -0.372018
1.97 -0.366658
1.975 -0.361251
1.98 -0.355797
1.985 -0.350296
1.99 -0.344751
1.995 -0.33916
2 -0.333526
2.005 -0.327848
2.01 -0.322129
2.015 -0.316368
2.02 -0.310566
2.025 -0.304724
2.03 -0.298844
2.035 -0.292925
2.04 -0.286968
2.045 -0.280975
2.05 -0.274946
2.055 -0.268882
2.06 -0.262784
2.065 -0.256652
2.07 -0.250488
2.075 -0.244291
2.08 -0.238063
2.085 -0.231806
2.09 -0.225518
2.095 -0.219202
2.1 -0.212859
2.105 -0.206488
2.11 -0.200091
2.115 -0.193669
2.12 -0.187222
2.125 -0.180752
2.13 -0.174259
2.135 -0.167744
2.14 -0.161207
2.145 -0.15465
2.15 -0.148074
2.155 -0.141479
2.16 -0.134866
2.165 -0.128236
2.17 -0.121589
2.175 -0.114927
2.18 -0.108251
2.185 -0.101561
2.19 -0.0948575
2.195 -0.0881421
2.2 -0.0814154
2.205 -0.0746782
2.21 -0.0679313
2.215 -0.0611756
2.22 -0.0544118
2.225 -0.0476408
2.23 -0.0408635
2.235 -0.0340805
2.24 -0.0272929
2.245 -0.0205013
2.25 -0.0137066
2.255 -0.00690972
2.26 -0.000111351
2.265 0.00668763
2.27 0.0134864
2.275 0.0202842
2.28 0.0270801
2.285 0.0338733
2.29 0.040663
2.295 0.0474484
2.3 0.0542287
2.305 0.0610029
2.31 0.0677704
2.315 0.0745303
2.32 0.0812817
2.325 0.0880239
2.33 0.094756
2.335 0.101477
2.34 0.108187
2.345 0.114883
2.35 0.121567
2.355 0.128236
2.36 0.13489
2.365 0.141529
2.37 0.148151
2.375 0.154755
2.38 0.161341
2.385 0.167907
2.39 0.174454
2.395 0.18098
2.4 0.187484
2.405 0.193966
2.41 0.200425
2.415 0.20686
2.42 0.213269
2.425 0.219653
2.43 0.22601
2.435 0.23234
2.44 0.238642
2.445 0.244915
2.45 0.251158
2.455 0.25737
2.46 0.26355
2.465 0.269699
2.47 0.275814
2.475 0.281895
2.48 0.287942
2.485 0.293952
2.49 0.299927
2.495 0.305864
2.5 0.311763
2.505 0.317623
2.51 0.323443
2.515 0.329223
2.52 0.334962
2.525 0.340658
2.53 0.346311
2.535 0.35192
2.54 0.357485
2.545 0.363004
2.55 0.368477
2.555 0.373902
2.56 0.37928
2.565 0.384609
2.57 0.389888
2.575 0.395117
2.58 0.400294
2.585 0.40542
2.59 0.410492
2.595 0.415511
2.6 0.420475
2.605 0.425384
2.61 0.430237
2.615 0.435033
2.62 0.439775
2.625 0.444461
2.63 0.449093
2.635 0.453671
2.64 0.458195
2.645 0.462667
2.65 0.467086
2.655 0.471454
2.66 0.47577
2.665 0.480036
2.67 0.484251
2.675 0.488417
2.68 0.492533
2.685 0.496601
2.69 0.500621
2.695 0.504593
2.7 0.508518
2.705 0.512397
2.71 0.51623
2.715 0.520017
2.72 0.523759
2.725 0.527457
2.73 0.531111
2.735 0.534721
2.74 0.538289
2.745 0.541814
2.75 0.545298
2.755 0.54874
2.76 0.552142
2.765 0.555503
2.77 0.558825
2.775 0.562108
2.78 0.565352
2.785 0.568557
2.79 0.571726
2.795 0.574857
2.8 0.577952
2.805 0.58101
2.81 0.584034
2.815 0.587022
2.82 0.589976
2.825 0.592896
2.83 0.595783
2.835 0.598637
2.84 0.601458
2.845 0.604248
2.85 0.607007
2.855 0.609734
2.86 0.612432
2.865 0.6151
2.87 0.617739
2.875 0.620349
2.88 0.622931
2.885 0.625486
2.89 0.628013
2.895 0.630514
2.9 0.632989
2.905 0.635439
2.91 0.637864
2.915 0.640264
2.92 0.64264
2.925 0.644993
2.93 0.647323
2.935 0.649631
2.94 0.651918
2.945 0.654182
2.95 0.656427
2.955 0.658651
2.96 0.660855
2.965 0.66304
2.97 0.665207
2.975 0.667355
2.98 0.669486
2.985 0.6716
2.99 0.673698
2.995 0.675779
3 0.677845
3.005 0.679897
3.01 0.681933
3.015 0.683956
3.02 0.685966
3.025 0.687962
3.03 0.689947
3.035 0.69192
3.04 0.693881
3.045 0.695832
3.05 0.697772
3.055 0.699703
3.06 0.701625
3.065 0.703538
3.07 0.705443
3.075 0.707341
3.08 0.709232
3.085 0.711116
3.09 0.712994
3.095 0.714867
3.1 0.716734
3.105 0.718598
3.11 0.720457
3.115 0.722313
3.12 0.724167
3.125 0.726018
3.13 0.727867
3.135 0.729716
3.14 0.731563
